1 1
2 2
3 2
4 3
5 4
6 5
7 6
8 6
9 7
10 11
11 12
12 10
13 11
14 33
15 38
16 23
17 18
18 19
19 29
20 33
21 47
22 72
23 47
24 38
25 58
26 53
27 81
28 86
29 95
30 128
31 118
32 78
33 165
34 133
35 97
36 206
37 186
38 214
39 243
40 220
41 173
42 335
43 891
44 120
45 648
46 636
47 1262
48 1575
49 404
50 424
51 830
52 176
53 1095
54 493
55 947
56 597
57 2096
58 877
59 2883
60 580
61 957
62 3812
63 1562
64 6295
65 3530
66 3482
67 1589
68 342
69 984
70 5949
71 3969
72 4373
73 1073
74 2149
75 165
76 6417
77 13504
78 4721
79 8477
80 1299
81 2480
82 1802
83 2218
84 844
85 2667
86 35744
87 46149
88 3899
89 22722
90 1342
91 728
92 15470
93 1912
94 1339
95 1005
96 2034
97 4066
98 2913
99 8927
100 18527
101 35023
102 5472
103 28730
104 2992
105 38713
106 15831
107 10865
108 31573
109 2763
110 25824
111 4157
112 46993
113 4670
114 22371
115 141519
116 14952
117 20821
118 38393
119 12342
120 2476
121 26519
122 316
123 67054
124 21815
125 6151
126 93795
127 270199
128 3508
129 298990
130 175394
131 32421
132 10955
133 15369
134 29754
135 88434
136 8447
137 51712
138 216078
139 33196
140 21128
141 203661
142 13952
143 255125
144 20294
145 5826
146 80687
147 74525
148 161008
149 115675
150 208978
151 11158
152 175633
153 54709
154 32621
155 32648
156 34489
157 9679
158 25533
159 3336
160 20092
161 108063
162 455344
163 356058
164 559003
165 2065297
166 124720
167 701374
168 137288
169 84481
170 125642
171 24392
172 456672
173 49776
174 23064
175 117355
176 403355
177 83507
178 188300
179 344699
180 86688
181 83734
182 109382
183 249049
184 299358
185 17838
186 190161
187 6692
188 80946
189 89337
190 58411
191 42325
192 208393
193 9611
194 5820
195 27737
196 223712
197 442357
198 74630
199 34481
200 25579
201 56551
202 23727
203 155173
204 38225438
205 1263669
206 15086
207 2388618
208 81459
209 443794
210 1346020
211 35398
212 265149
213 244855
214 565156
215 332388
216 758315
217 22611
218 776750
219 89687
220 259095
221 286587
222 550481
223 200311
224 275423
225 42079
226 364943
227 76499
228 46229
229 19592821
230 10048572
231 144392
232 7273810
233 1140543
234 71878
235 145486
236 70210
237 415418
238 97160
239 6336561
240 105985
241 4171244
242 1475943
243 208168
244 837105
245 3614378
246 577032
247 358743
248 291877
249 287046
250 27224
251 181233
252 19008
253 27100348
254 65744
255 1186826
256 63469
257 222512
258 764222
259 159473
260 914290
261 222308
262 285129
263 1377594
264 119726
265 291691
266 108347
267 5816904
268 549631
269 3202360
270 2023607
271 750155
272 779687
273 1267511
274 3799358
275 324071
276 154956
277 861126
278 794817
279 194643049
280 3031924
281 1234694
282 6979601
283 53645735
284 14889613
285 14635895
286 972339
287 274828
288 1530654
289 162158
290 14416983
291 236303
292 5119226
293 1659295
294 39352515
295 1747153
296 346052457
297 58763543
298 13821370
299 13557728
300 5801996
301 4511065
302 1042868
303 587272
304 7139951
305 2327725
306 3155039384
307 344195110
308 43920931
309 799354
310 925049
311 374248444
312 8219297
313 3891752
314 2417909
315 1794161
316 2942737
317 135720
318 5141503
319 6583809
320 5704031
321 539920
322 908344
323 30317943
324 98591043
325 87225
326 870874
327 4703293
328 3821426
329 1236253
330 1577724721
331 184883
332 3124095
333 5415806
334 7969247
335 220309
336 409064
337 2143453
338 840172
339 14027575
340 38037
341 3916
342 662998
343 5286495
344 4269298
345 1068942
346 125432977
347 286785
348 41646950
349 1391594
350 4805674
351 501604
352 247305
353 212416
354 3593280
355 90829413
356 2765379
357 135695985
358 6047105
359 322292
360 1058431
361 334005
362 9189449
363 2627253
364 104748201
365 30543645
366 1956497
367 19759645
368 99620
369 55230069
370 7256038
371 8105634
372 4216570
373 2023647
374 3369738
375 614030091
376 4874044
377 4592612
378 759124
379 14715277
380 966231
381 1524341
382 23841005
383 13489288
384 3269975
385 6417891
386 2167095469
387 1311995
388 1347778497
389 2067176
390 193874476
391 1019674794
392 11035564
393 9262169
394 9324090
395 57293706
396 16271841
397 2618973
398 51132824
399 30841709
400 7128065
401 24879179
402 3205633
403 442970
404 32443970
405 176921064
406 3795292
407 383140
408 14934507
409 1582450
410 3533097
411 433315
412 48151809
413 9581877
414 13068584
415 126596
416 19097222
417 7102969
418 4364832
419 10502660
420 92550774
421 226971
422 17127809
423 2645377
424 9871302
425 315677877
426 525086
427 45804645
428 733023
429 1581090419
430 4788118904
431 1717930
432 217719901
433 145287707
434 9548879
435 373371443
436 3611971
437 24062096
438 38046218
439 21586591
440 47599491
441 73251331
442 24586845
443 9902630
444 4505571
445 28424739
446 1414499968
447 65143457
448 673032
449 27437415
450 260895
451 2430273
452 6901704210
453 54292000
454 23415477
455 19122173
456 1355564
457 3122224285
458 421965445
459 5334769
460 463437328
461 44850795
462 94746733
463 73922253
464 1267298132
465 8247835
466 4224675252
467 7467042
468 150268900
469 3709918
470 1589214
471 70747339
472 1928107
473 3099041
474 65550304
475 36115291
476 420969
477 7066532
478 3928590
479 9261341
480 5438576
481 150369556
482 63356519
483 10577419
484 6546212636
485 6071856
486 8534327626
487 43664042
488 590237
489 5162297
490 91045526101
491 145824
492 52552509
493 41249507
494 338116706
495 1169212
496 82683517
497 80955675
498 48043459
499 38598305
