1 1
2 2
3 2
4 3
5 4
6 5
7 5
8 7
9 10
10 11
11 15
12 16
13 18
14 24
15 26
16 23
17 30
18 44
19 49
20 34
21 71
22 73
23 98
24 117
25 70
26 117
27 99
28 72
29 71
30 43
31 175
32 130
33 193
34 276
35 106
36 406
37 312
38 449
39 448
40 161
41 394
42 293
43 333
44 586
45 660
46 982
47 464
48 1040
49 2661
50 2280
51 661
52 442
53 2381
54 1613
55 2559
56 882
57 875
58 2376
59 2533
60 1105
61 927
62 1838
63 1181
64 4215
65 1877
66 1126
67 6646
68 9918
69 13659
70 5176
71 2807
72 4172
73 14270
74 24360
75 20345
76 3820
77 2076
78 5256
79 3807
80 21326
81 6236
82 6779
83 3123
84 4410
85 2862
86 8930
87 3695
88 2851
89 20382
90 8725
91 9668
92 2571
93 26330
94 6454
95 1846
96 18961
97 49033
98 20549
99 8418
100 44547
101 5896
102 2650
103 47689
104 2659
105 5997
106 3457
107 55637
108 12310
109 23863
110 58754
111 16854
112 4987
113 27403
114 39208
115 59839
116 34912
117 2609
118 83163
119 57371
120 40437
121 25848
122 80586
123 104346
124 24730
125 288579
126 42955
127 36733
128 7393775
129 53611
130 14071
131 9465
132 19884
133 203810
134 29187
135 53737
136 80624
137 14570
138 24035
139 53115
140 67147
141 306229
142 143637
143 327293
144 205686
145 416252
146 276344
147 20486
148 35505
149 68920
150 17124
151 118267
152 88177
153 14318
154 26477
155 47911
156 65083
157 443117
158 106264
159 103258
160 45795
161 65178
162 672138
163 274884
164 238564
165 301058
166 2851689
167 90780
168 49546
169 140127
170 772439
171 117154
172 210747
173 196860
174 68725
175 3310835
176 236536
177 38455
178 53809
179 476801
180 18864577
181 140928
182 64142
183 229261
184 4523675
185 75398
186 45880
187 431950
188 72518
189 4485544
190 5851240
191 40852
192 809570
193 259612
194 146482
195 623849
196 13497926
197 1982262
198 76953
199 170797
200 74340
201 629051
202 568644
203 2279496
204 493398
205 84292
206 246695
207 303701
208 173979
209 179480
210 741062
211 274875
212 175831
213 2002121
214 169173
215 507089
216 565791
217 747636
218 306204
219 703949
220 84186
221 94108
222 810943
223 1065501
224 1938374
225 528885
226 109823
227 189283
228 68527217
229 1192519
230 2135362
231 432350
232 344799
233 461192
234 9092907
235 376530
236 3564833
237 187792
238 493943
239 262894
240 6105088
241 419969
242 300007
243 7348571
244 414853
245 181019
246 11436691
247 931065
248 3208118
249 9784769
250 38283384
251 725527
252 2581796
253 24965644
254 8938569
255 421756
256 5318754
257 21277351
258 14487224
259 400122
260 9785998
261 48363518
262 700730
263 5352447
264 85869729
265 2974574
266 2564259
267 28401999
268 219481
269 2977384
270 924123
271 830548
272 9174498
273 1083691
274 10413289
275 2012914
276 145107755
277 9558183
278 41332595
279 61974224
280 1688844
281 746528
282 18865488
283 10821386
284 4150686
285 303233
286 8056041
287 3642904
288 1626955
289 1006635
290 8564425
291 301545
292 469717
293 6382703
294 22041655
295 10324555
296 9927422
297 13696702
298 4607476
299 816011
300 1341953
301 1031519
302 1391442
303 11997032
304 222226725
305 27304032
306 4613655
307 27860390
308 251775
309 3906085
310 50170539
311 360509
312 462726
313 980940
314 152032322
315 5809272
316 52511128
317 2833585
318 5309890
319 27043227
320 3286968
321 41158401
322 316678
323 15886549
324 12647953
325 4844669
326 3280256
327 3825646
328 498592
329 304228
330 784340
331 597278
332 778674
333 1443834
334 6231139
335 57939108
336 6043083
337 3314724
338 4930492
339 17680814
340 36252993
341 189163544
342 64166110
343 2014288
344 22620431
345 7237821
346 3397784
347 1128220
348 57528681
349 55423556
350 3187358
351 33908520
352 4005400
353 128171864
354 8082734
355 19911749
356 889145397
357 637014043
358 209770512
359 2895816
360 119302939
361 4911459
362 7480516
363 254590
364 49205127
365 13317521
366 506743934
367 25887924
368 6393089
369 1717307788
370 4256736
371 12693087
372 6661245
373 3745633
374 3236396
375 181145850
376 37001594
377 37270622
378 77963980
379 68419477
380 7111645
381 154886399
382 5854916
383 15076407
384 5847487
385 42183595
386 1183013774
387 969024
388 7668161
389 2348068253
390 9560056
391 88618636
392 90660868
393 813470921
394 971768
395 1105798
396 3661839
397 27714271
398 6197747
399 72597615
400 15832607
401 9541346
402 1947956957
403 138812054
404 780328
405 77074803559
406 252896483
407 214519147
408 39613069
409 70410572
410 5472942
411 1763348
412 3486211
413 2907650997
414 78834480
415 10598313
416 3225820
417 74659567
418 141991887
419 6082715
420 111865651
421 11689910
422 1966560
423 1333199
424 30396489
425 52908245
426 5365269
427 156812110
428 5744061
429 3813079
430 7701933
431 483945
432 343169924
433 512055240
434 55265873
435 4072423
436 477847819
437 59212276
438 3134274
439 1321304
440 3644000
441 34990071
442 17709713
443 3871858
444 46859308
445 56166645
446 324457027
447 64958066
448 17847162
449 36126992
450 307722982
451 1131792
452 7904010
453 136625305
454 2952160
455 272882355
456 1766918867
457 1418531242
458 68088128
459 4894889
460 88162163
461 4203024
462 22307870
463 14701768
464 37919765
465 75723177
466 2278958686
467 18581813
468 715789
469 954679367
470 38379668
471 485787772
472 15217474
473 6862866
474 13677949
475 197142778
476 174827780
477 121305796
478 52125438
479 10423092
480 3933134
481 816922026
482 58355765
483 639853610
484 113552648
485 1051804296
486 60468826
487 2696137158
488 125771996
489 48301819
490 4123411
491 82622838
492 1819605
493 565746092
494 8770495175
495 402908
496 175055029
497 54654891
498 1034505
499 17075203
