1 1
2 2
3 2
4 3
5 3
6 5
7 4
8 5
9 5
10 8
11 9
12 10
13 13
14 11
15 7
16 9
17 7
18 14
19 17
20 21
21 13
22 14
23 14
24 16
25 22
26 25
27 25
28 26
29 28
30 39
31 14
32 24
33 15
34 76
35 60
36 26
37 163
38 86
39 45
40 74
41 111
42 72
43 131
44 72
45 1090
46 270
47 100
48 1273
49 218
50 819
51 43
52 244
53 57
54 143
55 229
56 1357
57 195
58 1628
59 254
60 1659
61 352
62 2116
63 364
64 1292
65 535
66 3808
67 1315
68 1288
69 728
70 4051
71 639
72 1437
73 855
74 1442
75 10341
76 1422
77 1041
78 9159
79 3786
80 28953
81 5485
82 4218
83 7897
84 16593
85 2084
86 37430
87 2293
88 7992
89 1003
90 5595
91 6703
92 18624
93 2129
94 1868
95 1100
96 2121
97 818
98 507
99 4057
100 1723
101 1659
102 24176
103 26617
104 424
105 2720
106 1008
107 13488
108 2773
109 4525
110 15384
111 5094
112 640
113 3543
114 645
115 653
116 223404
117 215
118 31532
119 147467
120 2868
121 14615
122 354566
123 1766
124 11780
125 1709
126 3140
127 5990
128 2047
129 1100
130 602
131 5782
132 1029
133 14898
134 802
135 3497
136 15413
137 3126
138 193367
139 15974
140 2811092
141 165
142 3261
143 2070
144 13622
145 785687
146 10286
147 16170
148 12783824
149 1670
150 15887
151 2030
152 165571
153 190300
154 14009
155 595118
156 162602
157 7492
158 33978
159 16275
160 5839
161 11085
162 38056
163 34921
164 38147
165 122498
166 4097
167 6694
168 3100
169 10298
170 5258251
171 16502
172 54720
173 14424
174 6107
175 138445
176 9170
177 76564
178 5358
179 9594
180 22118
181 3981
182 133165
183 2864
184 11639
185 224812
186 73965
187 14887
188 6948
189 17619
190 318132
191 4491
192 1305341
193 17488
194 1979637
195 1305346
196 116088
197 200922
198 539949
199 2978729
200 9635
201 65769
202 43220
203 3025323
204 30343
205 7541
206 78538
207 1395596
208 2441
209 2672678
210 89896
211 149350
212 2939
213 468466
214 12960
215 964163
216 4583
217 13021
218 47753
219 92290
220 119610
221 260861
222 61288
223 19705
224 20505
225 7114
226 83599
227 654532
228 33035
229 97758
230 1310649
231 1323408
232 12825
233 2255
234 3919443
235 10668097
236 31967
237 70163
238 75810
239 1932990
240 60123
241 1356
242 711938619
243 2807251
244 14476586
245 135103
246 258315
247 72924
248 31382
249 99688
250 38958
251 30182
252 1430369
253 176060
254 279224
255 148486
256 193129
257 45513
258 899364
259 1393417
260 272276
261 67821
262 17179
263 1963
264 7780327
265 7806374
266 65429
267 121887
268 86435
269 183058
270 196326
271 33203935
272 12221005
273 65899
274 744059
275 793908
276 3727832
277 17193
278 21768
279 200940
280 159968
281 115075
282 465615
283 113076
284 450456
285 520033
286 17544
287 245240592
288 285936
289 666784
290 36137145
291 1768513
292 191369
293 1387847
294 1527532
295 41622
296 32143
297 437668
298 595942
299 308030
300 21781098
301 52652901
302 53422
303 84372
304 152134
305 28721
306 239328
307 419820
308 4796177
309 21349276
310 14785500
311 8273040
312 2789705
313 433191
314 2613355
315 11528394
316 303097
317 243576
318 124446
319 1198458
320 328478
321 2886714
322 76047
323 565134
324 164175
325 24157
326 132176
327 16279927
328 603658
329 12248887
330 4144712
331 18669460
332 162560829
333 5772642
334 4360945
335 429940
336 46663
337 215678
338 8755
339 1169081
340 109995764
341 25966
342 82392
343 1559253
344 764703
345 3628917
346 49276
347 16828775
348 29824130
349 116400
350 638323
351 361851
352 3480137
353 838133
354 665646
355 801736
356 5968
357 2626278
358 3399927
359 10962836
360 929507
361 172025
362 125910
363 126941541
364 65403
365 350078460
366 174006
367 656674
368 67008
369 44337
370 7137233
371 630707
372 3273329
373 59859918
374 41227177
375 68979
376 60859
377 332396
378 792419
379 84442539
380 1061333
381 5455078
382 11299
383 1888819959
384 82128993
385 130977510
386 7609498
387 26726
388 245365
389 1521332
390 61279417
391 65165
392 337080
393 7967211
394 21671091
395 805409
396 16397921
397 291798673
398 10379394
399 734018
400 2175438
401 2066844542
402 326343
403 4003444
404 2840
405 6973
406 99494
407 118742
408 11169
409 230102402
410 899605
411 4855352
412 3071243
413 109824287
414 195254
415 14785
416 32289772
417 317000164
418 6570053
419 2273809624
420 13341424
421 1411561
422 1990322
423 3897936
424 1958804
425 15395468
426 7368354
427 1319932
428 46390439
429 2164
430 487195
431 174114
432 1269965
433 88330
434 2704402
435 23050303
436 33421242
437 7709025
438 1123994410
439 100552571
440 9210255
441 2251688
442 104338168
443 162427021
444 43042
445 19758429
446 3878300
447 311880
448 11397212
449 429857
450 108470969
451 1242276
452 522698
453 26774321
454 142848
455 508279
456 2903388
457 354520848
458 9224076
459 4604044
460 388597
461 2098593
462 412246511
463 28838422
464 37034904
465 3647581
466 426954859
467 55224580
468 18767512
469 1424520114
470 5439048
471 8911240
472 199202
473 26953
474 342508
475 644117
476 4741194
477 399355
478 1074534
479 2177480
480 18308640
481 78602
482 465039114
483 69681
484 5227522
485 12462096
486 40042346
487 200253
488 38018
489 2733633
490 28074
491 16750042543
492 338715
493 31846
494 9446563078
495 740466
496 146436
497 3967643
498 877409171
499 3113409012
